0 0.3641304347826087 0.48980632008154945 0.32065217391304346 0.8776758409785933
0 0.15421195652173914 0.15494393476044852 0.025815217391304348 0.04281345565749235
0 0.12635869565217392 0.1472986748216106 0.021739130434782608 0.027522935779816515
0 0.5550271739130435 0.1707441386340469 0.03940217391304348 0.08460754332313965
0 0.5006793478260869 0.17227319062181448 0.03940217391304348 0.09582059123343527
80 0.3858695652173913 0.8730886850152905 0.09782608695652174 0.09887869520897044
80 0.35597826086956524 0.7650356778797146 0.07336956521739131 0.08053007135575943
74 0.1671195652173913 0.03873598369011213 0.043478260869565216 0.04485219164118247
2 0.07472826086956522 0.17686034658511723 0.14945652173913043 0.060142711518858305
2 0.438179347826087 0.1488277268093782 0.025815217391304348 0.024464831804281346
